620
239
433
911
438
195
740
453
556
795
964
422
592
325
920
488
209
802
22
193
222
736
24
839
38
939
218
379
764
279
441
45
894
516
576
269
667
131
453
663
504
275
392
63
653
807
761
514
76
380
348
68
400
886
361
977
120
716
993
13
48
958
65
270
188
402
106
781
163
9
526
414
461
874
66
948
981
718
281
586
388
842
953
534
80
880
754
136
193
547
243
637
982
44
201
856
512
858
795
729
87
532
128
959
605
996
678
902
951
687
332
840
380
176
832
749
180
729
33
743
287
451
262
653
850
202
922
71
376
451
67
431
973
397
176
687
462
354
702
818
251
743
41
303
606
967
820
284
473
809
365
837
740
983
410
835
295
91
87
837
568
692
514
938
267
422
752
359
221
860
180
323
859
175
45
517
419
329
426
108
134
419
213
731
217
588
895
254
928
594
788
471
133
786
53
867
132
272
417
782
141
365
972
91
784
623
659
909
290
967
773
838
742
887
761
875
800
901
442
247
782
186
562
439
542
127
942
536
995
668
316
539
212
407
64
195
351
239
289
728
37
924
433
198
267
32
6
715
704
37
696
462
315
769
358
768
940
918
199
832
544
596
754
472
433
279
67
561
204
629
408
692
889
979
226
551
718
755
272
886
626
180
545
286
692
416
769
626
389
490
185
307
611
843
917
772
262
682
117
369
268
910
843
704
906
178
837
631
299
809
471
95
377
123
364
67
580
431
995
150
359
934
529
257
305
803
703
481
514
77
95
52
381
639
235
346
845
880
137
408
964
136
735
966
404
347
338
647
555
284
373
546
733
931
507
833
165
123
19
520
560
469
458
35
506
920
749
298
119
372
832
492
971
940
456
925
603
758
986
275
779
429
240
33
118
24
120
878
566
298
197
704
693
442
302
796
641
687
432
246
644
515
469
160
18
981
554
464
689
8
727
50
988
370
314
875
102
111
406
121
341
835
348
728
432
59
350
488
511
102
624
681
565
543
292
261
972
931
568
172
975
396
883
978
996
522
298
389
135
847
266
752
612
587
52
695
702
884
533
124
566
109
397
638
979
439
973
15
423
546
407
862
373
681
869
888
518
442
326
21
131
767
926
114
461
101
369
1000
335
282
890
581
981
605
581
318
686
274
620
519
719
789
179
322
408
474
319
62
229
425
855
131
220
370
815
988
601
135
788
857
999
654
246
271
755
694
677
840
558
564
327
329
654
987
884
496
573
318
728
642
600
752
195
527
504
97
233
392
445
341
167
378
433
449
335
683
342
590
363
209
978
209
90
283
176
660
558
965
815
904
386
274
973
552
798
350
239
757
907
866
761
110
169
263
584
190
194
468
600
145
610
220
262
144
943
627
833
572
450
20
228
717
668
196
332
101
573
577
463
504
248
479
752
165
497
553
111
113
114
561
696
667
978
839
596
517
41
362
186
214
640
316
20
927
740
59
969
911
632
101
921
270
598
293
750
929
302
420
274
371
908
827
57
30
416
129
104
463
895
273
96
440
765
654
67
667
616
747
931
999
567
497
510
974
272
792
990
998
781
841
610
731
382
16
939
195
395
247
523
741
696
456
154
370
927
654
630
652
173
937
328
191
893
95
466
483
782
311
465
819
32
700
283
659
618
551
647
378
324
259
807
7
675
830
954
159
934
200
758
995
184
141
641
956
82
949
607
319
453
190
931
317
274
720
539
680
824
469
883
539
445
899
710
260
609
450
225
648
856
587
274
142
69
885
96
402
320
807
38
365
295
506
45
333
528
632
817
752
121
554
166
930
512
895
759
85
952
960
791
720
746
777
873
301
127
218
944
995
81
370
613
249
15
237
828
807
164
830
294
1000
139
142
528
108
301
649
349
809
518
205
331
991
139
466
357
90
225
868
469
203
290
523
511
65
430
892
437
199
314
605
964
957
882
397
317
924
63
705
227
15
135
417
546
773
802
135
954
5
852
536
541
666
253
619
410
258
590
892
46
645
38
460
506
577
478
407
521
305
165
148
376
161
631
956
230
985
926
296
14
311
206
591
304
155
649
342
649
977
749
348
919
634
6
463
879
970
549
107
386
992
294
849
793
582
672
708
29
429
277
198
188
888
215
476
835
754
607
422
385
40
645
808
775
556
292
792
426
405
616
191
850
191
794
564
581
492
296
43
897
463
146
749
590
852
906
610
516
687
675
337
677
347
387
476
729
469
285
308
169
104
610
296
998
863
952
737
947
174
187
860
110
49
657
696
187
892
985
89
518
452
792
117
669
220
168
158
183
458
280
520