6699
7868
7459
9962
952
3181
7591
1394
2431
5352
9752
2273
424
9531
3487
9458
9391
2736
8763
2637
1315
6429
9465
4232
9539
5422
7192
8691
872
8614
3512
467
1132
8036
2673
6923
3730
5567
3350
3589
7415
7382
7991
2629
4860
992
2863
1567
4644
1999
3673
9369
6131
3531
7365
5494
5017
8762
4924
9541
7913
9326
1532
5429
9606
8061
4137
426
1216
9171
9922
4902
4193
5943
3020
241
3340
5549
1827
3375
5462
7925
1328
7103
4848
6890
8961
4002
1868
266
9260
9459
6212
3442
8047
3357
3147
5093
9293
874
9003
32
1952
3826
3481
8541
8734
7816
1898
9615
4402
4947
6369
9657
4715
4584
382
2712
1711
3558
396
3406
3167
6579
9599
8675
5564
7189
212
9552
5911
6367
9396
4350
4939
612
1994
7327
7002
2746
4259
9218
506
2855
4798
7002
3112
2982
4648
1455
3672
4360
1907
9090
8356
1083
7964
3603
1694
8816
8496
102
534
5188
2971
9475
8085
7436
9251
3256
5248
7872
7306
9640
2791
3589
5091
7933
6360
1475
4068
9942
5470
7945
6513
7660
9635
667
4548
1918
5565
1103
4594
8317
9395
6296
8308
8546
7111
9276
8971
1923
9802
4954
2187
962
5801
9359
719
2992
5983
238
1074
4865
9692
1170
5709
5638
6531
7429
8135
9005
3905
9515
9201
6333
2841
5277
3992
6194
3556
6265
302
1154
4624
4392
9572
766
6611
5247
4155
7487
5578
9320
8113
3695
8029
1377
8359
3445
8303
8445
107
1348
5866
1439
6292
5134
8381
2545
1597
6629
1530
4964
4232
9044
7695
1323
6022
4206
4744
5950
7959
7651
2935
7008
1330
215
1775
2783
3634
4075
8635
750
8970
3571
2921
7097
1867
2400
4793
1084
4045
7581
4233
9480
3212
2052
3135
9248
9380
65
5874
1644
2215
7286
443
3068
7738
9112
1023
4815
6039
5673
5080
513
6721
2759
8232
4417
991
7131
3955
340
1484
877
4297
9174
5817
7700
8591
1954
9825
8921
2702
7947
8706
6213
114
4589
2246
718
2742
8512
8410
6143
9874
1425
4568
5547
199
9833
5593
3437
2367
2920
2879
4346
6475
9189
2886
4949
5843
8215
2483
4830
355
9293
3330
8802
5741
8734
9199
3946
4171
6741
9966
8871
261
8090
6206
1251
1478
4404
2500
5770
501
1100
1915
9454
2790
8313
2042
8655
9592
781
1251
737
4993
5051
1954
1688
5536
3667
2629
1003
299
8328
7744
367
3573
4684
5163
8209
3923
2743
6228
4998
3947
284
3139
4225
9060
8976
4922
1296
6874
9420
3837
4524
89
2859
3682
6406
3571
762
8071
7442
2304
788
3258
1819
2758
1822
3837
1253
8682
4515
8777
5356
5263
8992
8001
8355
7882
7315
4862
4824
70
5515
8545
8483
3750
787
2770
4930
2930
3133
1726
4353
9267
8749
5763
873
8267
5075
7176
1573
2554
7446
4045
1009
391
1841
7705
5669
2535
5599
210
7943
4650
5026
6836
9390
24
5348
6644
1675
1812
4082
3525
2964
6738
4902
1616
2986
9314
5696
8764
798
5160
2304
7657
7880
9724
8535
9769
6817
4264
7808
2032
5701
5385
2263
5378
7787
7099
3238
5812
6882
750
9833
3799
8998
1080
1159
5406
1321
4960
6021
4121
4500
611
3111
4608
1355
9939
4004
3380
4209
960
82
1303
5880
5705
8697
3636
4319
5214
1503
4612
4233
3085
6936
2145
2469
2953
9454
4450
6612
6164
7457
4513
2523
7276
1038
4914
4753
3355
6844
8739
1551
2157
6215
990
3517
6996
9268
8816
9767
2653
9348
9733
6327
3466
4812
5388
7854
9964
6491
2526
1253
1622
5782
5278
8013
6318
9242
5827
2465
7161
9820
5300
3553
3472
961
8702
1490
8262
5344
3434
1382
7938
4429
2847
3452
3075
7664
7383
8951
9481
4676
6014
7149
5210
4174
2007
1398
1542
2360
2628
159
9449
1707
2158
804
631
301
7264
1464
218
7115
8265
4348
8168
6352
6212
2837
9424
6676
2
1019
2869
3101
7038
8680
5473
9472
1564
680
9
5139
7718
1139
4307
7738
1115
6234
2321
1022
4571
9836
6388
5732
5015
7275
4714
8952
843
5887
6043
7135
2513
4681
3682
8041
1655
8128
3649
2255
7422
5752
2743
5334
3425
4130
9880
4909
3159
4502
8885
9685
982
7199
4946
1118
6543
2406
606
6597
9425
3114
4732
9458
6723
4167
6997
6448
4062
3334
5527
6387
5755
7231
2438
9410
914
5096
2866
4704
9860
6816
6952
8818
4191
6076
1073
9728
8190
5545
1333
5291
5715
2069
8849
1891
986
2863
4647
1246
2212
8192
5564
4761
3703
5264
4561
2444
5854
6474
8859
6658
5012
4325
7899
5177
4322
1447
5189
9717
1177
8257
4134
8461
7010
895
8463
9451
9200
1677
9685
5402
9041
7809
2006
4655
1945
4962
2312
4949
4289
4278
7266
8925
2246
9150
7816
8481
4103
9436
5274
4490
9797
1131
9568
4403
761
9007
2287
3037
8649
5181
7081
8907
313
1093
9011
865
2386
2998
9769
377
1475
5836
5210
917
8032
5555
3089
84
2489
1367
4319
6898
5303
8314
5623
5673
1354
1236
6995
1329
9407
4552
9033
9471
910
8455
6328
8595
878
1619
1199
4669
9372
9218
681
6760
9801
1845
4160
2498
2965
6153
9339
2504
6893
3779
4171
2438
7163
2776
2312
3516
8315
6559
8990
9874
7777
537
2783
8586
9693
9994
1167
7780
6376
4260
9292
7969
4809
8187
2327
3733
2103
6537
8746
9228
2024
577
8829
3145
8995
9072
7668
793
8225
1256
2973
5040
9878
1895
4519
3076
9784
6572
4327
9303
5365
4375
5533
116
2896
1384
9509
5484
2658
9322
2058
6127
9481
3240
6729
5422
125
1821
6258
1253
3535
2861
1438
2050
5799
3597
5313
9653
6649
6540
8318
4834
6183
7847
3574
4065
167
2080
6262
9248
66
2142
9398
3851
8452
807
4276
8280
8379
6380
5899
8004
3209
732
1733
8507
9389
4634
8433
8301
1486
6416
5852
5802
9983
4973
945
7404
8394
9064
6207
6093
6417
4527
3172
3233
1635
1981
7432
9365
3689
7393
3576
6259
7066
3810
7558
9749
4845
3431
274
4580
3467
7786
5988
3056
1169
6988
4206
2007
4282
5686
1480
5170
6237
6606
2212
6336
4166
3570
4980
387
9071
9738
1327
3204
8953
6443
6601
4734
2676
2276
798
1348
3885
6999
2557
1798
3472
8873
6544
13
4119
1989
1573
7916
2019
8355
3245
728
8011
1204
3561
8915
5627
4207
8855
8774
450
996
2697
6794
4929
5255
507
3860
5080
8734
6166
8935
1723
509
7726
6162
2026
9148
9170
8598
9515
2646
6088
8964
1887
3418
65
2713
5562
8062
3156
797
4613
7072
3875
9509
7982
3242
1619
2351
7163
9276
8917
9450
1508
8851
6370
1923
2251
9553
2746
743
7792
8273
8228
9290
1936
2604
465
9618
9938
4137
2802
5205
4550
1717
4155
9718
251
6494
2999
8060
5854
5313
2434
6298
5464
9101
8205
5609
2870
670
5890
9905
5552
9559
1131
705
3558
7257
1428
6323
8428
3065
4071
8145
8939
5650
658
6322
3923
8994
3338
9406
2701
7798
1106
728
60
3053
2117
7480
4976
5924
747
5837
5529
6134
8724
7735
1960
9499
2156
7549
8719
5041
902
8055
1716
8147
3949
4994
8719
9814
3433
2473
9652
8841
7922
3429
743
9361
2420
8673
9545
8855
1252
7120
4811
666
9676
3118
5927
6836
354
6117
8595
2805
7405
4387
3105
3603
4868
6371
9255
290
4543
5818
6097
3333
6852
4934
4802
3683
3614
5922
7098
6536
7064
3488
4568
4147
328
3077
827
6852
8059
8296
9790
869
5941
6970
6272
2570
4230
4877
9346
8631
4090
9866
6139
3444
8038
5504
5270
7463
9729
52
4240
4666
8532
5791
9532
2801
5250
8500
810
7842
363
7887
9213
8158
4166
870
6193
6290
4580
614
7959
6484
6306
1793
780
1815
6239
1411
4882
6444
3710
8011
8176
6842
7791
2458
4879
364
3974
3418
8919
2158
2299
1331
6071
2122
9614
4474
7884
6273
1417
6836
4046
4241
2546
2686
6153
1942
7896
1045
6178
1998
7616
9876
3578
2063
9778
5691
3007
7317
2530
9307
2950
7779
1939
3932
9141
3369
9403
5508
7557
6479
1623
988
6706
833
9289
6186
2896
1149
4997
3548
7186
8286
9424
236
6566
8190
2067
7240
6651
7110
6620
562
3749
3283
4797
7766
1978
6835
371
835
3523
5571
9715
7399
3677
5160
9302
3123
5883
1771
8250
4943
2554
8036
7846
2009
8966
4546
6835
4321
7991
2146
6177
6281
9944
4216
9630
1243
261
8823
7386
1356
6995
9486
524
8087
2866
5501
5752
522
6912
3971
3057
4441
2492
5257
2903
9695
7186
8650
2878
3335
1536
5358
7393
3734
6377
8495
5339
7767
76
5773
532
1034
4452
355
8378
2784
6128
816
7488
5810
2704
2045
4571
8103
7861
4939
3914
7249
1120
6909
3648
5984
8910
5990
4705
3639
5477
2487
7
3875
4391
1189
3250
2031
4078
532
8756
8483
3204
5354
741
331
2627
7764
6170
7063
1494
3688
9100
8098
3350
4480
7652
8047
8309
8294
2636
2034
1169
6023
7924
2254
2719
5617
1223
9732
2531
5639
4273
370
3133
1893
4953
892
8531
2567
6374
5475
8335
1633
7411
232
7050
5502
5188
4453
4354
2973
7565
2021
6806
97
5698
222
1378
7141
5530
4607
8587
2958
611
5951
1432
5937
3346
3787
6876
6117
9355
7510
7197
765
1190
5009
3318
9817
2726
1841
9574
6444
3298
3321
5688
8977
327
7545
6952
8278
551
7570
2298
1581
5243
5622
5950
3591
4640
6242
216
1245
3965
6099
2103
5206
2110
6862
9665
3549
7380
1614
8112
1336
6384
8661
9628
6170
3539
4232
395
7906
5580
9491
5023
5315
3085
1996
1813
9130
8918
7368
5174
7327
4468
3082
7842
785
1523
7833
4234
1176
7639
6737
4498
1467
4568
7197
9968
915
2793
6357
6310
5183
577
4114
4925
9889
4626
9003
2952
370
4947
3885
6065
8349
8518
7853
5366
7756
6489
5035
8266
9198
4271
3746
7397
6840
4626
2576
9640
1198
9849
2850
2123
3581
7196
8913
5489
4750
7851
6298
8320
9441
863
8484
8629
4303
7741
5490
6661
1944
5544
4202
8791
6469
3430
5913
9841
8804
5434
9604
3175
8112
215
4792
585
9918
7651
4701
523
8616
7096
6467
5280
6618
4782
1366
7171
3092
8483
5602
9278
7647
1679
6348
8763
3722
9515
7517
2234
7013
7510
1304
4497
7210
6297
8943
5657
6002
1700
419
3172
6074
3382
1558
4792
4738
4887
7777
6252
5422
4019
9075
4611
4283
7572
1966
4672
8270
5709
238
7080
8714
3951
7162
5278
2368
386
3218
6343
4496
9222
7231
6539
1770
6892
9231
5040
2619
2162
3588
1714
104
974
9568
2659
5043
3762
7170
914
1686
4335
2460
8485
7719
366
4618
4748
6730
6927
8992
6578
289
2245
5113
9075
1444
6119
1998
5207
3893
5033
7212
8115
424
6315
934
3411
2096
4831
6988
6752
6957
1938
6092
697
3631
5480
4868
4721
9138
4633
9128
578
799
1545
3780
9886
803
2963
1922
9410
3723
9507
8361
2554
1402
8808
1649
763
1653
1686
426
8876
8058
1713
7252
4469
5738
1364
8713
4344
6802
7140
3584
7553
1099
4560
7575
9076
5502
4731
8645
9229
6437
3908
444
9886
3255
6766
865
3692
6884
3583
7901
1196
9684
2196
8114
4148
9206
7705
8141
2068
3137
7506
7682
5905
9409
432
1039
3872
3743
8469
6941
9975
5401
8408
9959
5978
4250
2602
69
558
684
6761
5857
4037
5859
16
9729
1048
6968
2663
739
1335
3981
8063
7561
2090
1411
4746
3142
8025
7784
6265
8597
4614
3245
5486
7640
7248
7425
5621
3485
3764
3815
9582
7243
797
4141
2670
9803
4216
1957
1200
5260
6705
9051
7657
7832
1326
7181
303
4418
3474
2261
370
9373
1079
4477
2372
3914
8993
9084
1591
7674
608
6114
9833
2113
4415
4474
3871
7347
8234
6455
9120
1429
130
309
1420
477
1757
6804
664
11
5269
1564
8038
9083
928
8859
6861
1505
8042
6566
4299
2560
3576
9678
1423
181
7104
8578
779
7071
2888
3872
8196
3891
6362
3031
1647
8185
3994
7225
2147
8067
9095
3196
4169
8749
3214
3992
9656
4529
4351
7192
2248
6009
3899
6101
7458
5549
1267
5590
4891
9079
8073
9629
5472
3611
4332
169
47
4481
9996
1781
1183
265
5502
4967
213
4164
4350
5910
650
630
9916
3941
9288
4747
9786
5100
4607
7175
3403
116
7667
3290
3792
8194
2125
8433
5691
9577
5134
8381
1692
6493
8555
657
3171
4223
7107
7600
2200
2387
7427
7492
1196
2803
6617
9275
4396
8705
8696
6427
6752
953
3873
1702
4394
8930
8227
5195
9730
1817
1823
3634
6882
190
2766
8742
8917
2418
34
1522
9313
2861
1342
3472
3245
8833
7907
865
9424
9470
6748
7495
4855
1248
6866
2723
7812
7641
4058
4386
8395
9860
4108
211
9147
3683
984
8442
1252
2801
5367
5436
9380
3034
2011
9612
6652
2821
5746
1756
7269
948
8095
8173
5562
9015
7782
8661
2228
5952
9793
2584
2443
3163
9768
4462
2631
7673
3555
5869
2117
7373
3635
2899
9055
93
4034
7850
2443
1279
4987
2445
7374
2937
4447
8416
506
5790
2502
9505
6127
7242
2212
7174
7620
2198
1421
8986
6849
7762
3156
8884
1296
5386
1500
8159
69
6210
1755
3757
2247
7374
2639
4399
9600
5646
6483
9137
4490
7689
5196
4574
227
2223
9915
7948
642
9275
9486
4065
7523
6382
9690
5450
8659
2592
3402
4976
2107
6627
2141
7476
1169
3501
7523
4085
2622
8749
9080
4873
2017
4748
4160
7993
3984
4750
9199
7503
1269
7285
3667
546
8500
2023
9932
7607
14
9695
4136
2928
138
9460
4632
9774
8486
194
631
3655
1737
4794
9513
1617
5050
1442
1985
8005
3202
5138
6936
9088
88
4264
5901
5632
9737
881
1534
8544
2049
6459
9155
8886
5842
5112
5406
5088
9752
7257
8247
5797
1590
8736
2223
8065
2793
1370
9300
8806
1019
2218
8552
3547
9593
2344
7458
9029
8956
9790
5470
4641
2978
5510
3688
4904
8790
5640
4843
3440
9564
1315
9047
6226
4713
8830
2670
5120
3792
1981
9680
4483
6037
7294
227
4882
7557
7563
3300
837
9460
8924
213
4660
4724
4340
2190
8379
9392
9347
6606
442
3365
5455
4632
2632
1274
4241
3929
4174
9231
8877
1254
1485
2879
5129
713
5870
2540
8939
2824
1899
5270
5933
7980
3941
693
3402
9069
3338
3481
9459
1380
3467
8786
8492
6069
7029
815
5686
2783
4990
5380
9790
7524
3141
5623
3505
5144
8588
9540
5697
3689
7243
7740
8819
966
1321
1075
2792
716
6398
7978
2918
2131
8338
1829
9474
4923
9962
9238
1079
4423
3587
2128
8144
785
8365
3792
7961
2091
6111
3202
9037
2938
3854
3825
6804
8288
9331
7600
6923
8840
3111
4013
7662
8166
7629
7732
859
7440
1553
4791
9394
6411
3385
6351
1532
9452
7159
2420
8817
5872
1335
33
9533
8321
1916
7129
7251
329
9997
2939
7687
1695
2125
1065
1332
8105
547
718
7656
7359
3382
3815
2167
1341
8703
556
2707
5153
7151
142
8551
7799
1286
5267
3572
5357
1320
5041
6127
178
3201
5450
6508
2762
2796
6134
600
1796
2497
9828
5434
5413
4178
3112
9637
3519
6552
9050
6764
3161
2859
5330
5084
735
382
6409
62
1480
1569
1342
5303
4902
2322
2988
4175
1720
1611
3322
5263
5058
4621
500
4713
8562
6525
4442
5496
2089
8191
4213
3451
8272
8482
9037
206
3182
2925
9520
7272
6086
8406
8766
9741
1620
2158
924
9196
7306
5651
9267
502
7711
9489
8873
9776
9851
2019
4337
8040
4570
4616
3159
1318
3362
130
2856
1667
6749
6482
5984
4489
1486
2173
2790
1142
1509
2543
6288
1577
4360
9889
6910
5514
8843
8518
4693
2516
3102
1805
6389
3682
5481
6308
7437
3822
1885
3592
1059
2386
4559
8667
2098
9907
4621
6179
4988
1014
1088
6572
3156
1907
7844
1275
3358
4272
3440
6533
9439
4238
2220
5156
2531
675
8059
9708
2669
4947
9279
3763
9562
732
8155
2099
120
2968
4627
7728
8739
7551
4812
9092
8119
4910
1258
6823
4519
6140
5687
4018
1160
2445
9354
5333
3061
3942
3110
7222
4854
8223
6601
1924
1028
8228
438
6658
8544
487
3271
7907
2031
2930
6798
160
4798
319
8732
1680
1472
1297
1625
7074
8347
6329
8477
5256
9663
4528
1358
1556
5548
7157
3469
1536
3204
2072
7808
1209
8152
7485
3723
1676
5578
6982
7280
3714
4789
4979
2534
4261
8762
2538
6423
5752
6575
9160
1206
1264
7561
5271
2764
4337
7268
7658
3913
7638
8076
2851
9378
3115
1210
5254
2931
5920
6551
2045
5469
5433
1194
5414
4602
8539
5952
6805
1134
898
1886
9220
1776
3442
2567
1127
4704
2830
7122
6061
156
4910
2973
3959
3643
8913
2723
9540
4038
3825
8354
7906
6764
3531
1596
3029
4796
8580
8557
9635
7901
8241
5735
6145
1479
4479
7954
2044
6447
8628
1798
7950
295
2355
2493
7337
7646
9772
2820
1506
686
1094
2537
9520
5753
6822
7107
5398
4190
8859
2179
4180
1837
6305
1169
3248
3893
6504
3906
2265
6275
2304
6499
3428
327
183
1556
3395
4824
3506
6099
9951
5253
23
3251
5560
1566
3143
1740
7017
9796
1750
8740
5082
4872
2476
5585
506
7152
5279
8381
5140
5163
6736
6040
1049
7502
4824
1916
3851
5398
5519
1794
9845
9096
6511
193
2045
5391
8190
7668
4207
546
4196
7756
7222
1165
8600
6734
7706
399
4155
8657
5598
7550
8548
6903
7665
110
3963
7452
1933
9053
9142
6113
7127
4007
2448
4592
9386
4706
4302
1973
4012
8014
3589
1937
8862
9894
6211
9299
9223
4977
102
9888
7795
3605
7810
6231
6462
7891
1901
3758
3269
858
8411
9214
2378
2507
5244
7650
881
6066
8194
6648
3974
6021
8049
6462
3545
7347
6958
4960
4526
3899
6061
7755
8635
5601
5451
3416
8227
7217
3495
1794
1751
6250
2745
2885
8451
9198
5146
4753
3748
1222
1432
847
2178
4040
3028
1082
8678
1166
4489
224
8609
9214
8427
36
5848
9273
7166
3594
395
584
8412
1915
950
8583
5219
9862
1142
6953
4432
1192
3238
9986
8218
8773
9224
2752
5900
7034
8790
655
1153
6220
8526
2885
870
5398
3852
4748
6317
7176
8236
2401
4347
7326
2578
9463
433
9591
6731
1181
1239
7268
7727
4749
6676
6706
5486
8666
2011
7722
3759
8438
6853
3308
5683
6685
7266
5623
7266
7273
3717
9001
6103
1077
5942
4878
3212
8040
3375
996
7799
922
7141
4355
4827
1849
4287
9818
6973
8354
333
21
7749
2193
7260
7062
6997
4625
4901
8907
2064
4117
4784
519
7610
8534
6492
5075
2428
8316
2115
9081
363
3813
8560
3221
5940
6311
70
9246
5057
6417
2208
706
8273
764
2244
1210
2466
6971
8202
4912
122
1221
1211
5913
3657
9831
6168
1986
6764
5098
9142
7057
7841
487
6591
4820
4289
7019
3714
1902
8605
1599
7628
3024
2026
491
3537
5499
5981
6104
5651
3021
3519
5376
5750
446
3909
25
9713
2118
1212
5242
6414
5743
8151
5087
9490
6361
4227
2209
1242
7479
8992
7098
8793
2681
6876
4820
2984
6188
3754
7295
8859
1865
9120
2822
3488
5725
9197
9655
382
6141
5225
9392
2942
9334
683
2790
608
7040
1626
3767
7295
9860
7278
3463
3936
2695
5709
3947
3099
2630
1061
8600
1606
1849
7088
6976
3429
5026
705
5756
4235
3189
4488
9361
67
8199
9448
2670
9843
7595
6625
1340
3873
5587
7726
3906
4528
8557
5541
1281
2657
8949
3575
2873
5819
7749
9735
5876
2860
1992
8100
141
1054
2646
4430
5186
5571
7672
7204
2904
8490
7320
4198
3322
6617
1248
3655
9537
1012
9631
8340
2389
4970
4502
2076
3834
1779
904
7932
1217
9490
6793
6128
1734
3033
7838
1634
4602
9817
6327
1936
6761
8406
1210
3231
846
8361
5836
4328
9643
436
4811
8663
2047
5378
1099
8889
9297
3495
5062
2812
6150
1416
3919
8147
9896
3188
2604
3226
1164
8527
9320
7674
3559
9688
5954
4605
7703
2323
6119
3787
6504
6888
1811
629
2742
532
3871
6359
9688
7493
302
5114
2680
411
3425
9082
8678
6277
3235
784
5122
8037
5464
7497
4159
292
514
4681
7406
11
8377
3817
7549
8804
460
6567
8959
6373
2925
9421
3124
8617
6298
1493
1521
7390
3038
6740
2602
1431
5116
9928
9582
3542
4506
9887
654
4779
6393
3155
2875
9322
7986
7961
8567
8524
5127
6095
352
9407
1503
5609
3124
626
8808
5907
8722
4331
7044
8462
1155
2741
6313
4013
2081
8655
7500
4822
7158
7872
7576
1721
6338
6168
9372
3945
9539
463
4222
2245
9534
6202
1927
8595
3581
8107
7879
2403
8391
5810
5529
530
9174
8953
9905
377
5988
4206
3502
2744
1508
2671
9840
1953
6945
9513
7034
8097
5533
3655
5031
4906
9192
2583
5002
7102
8434
3156
2611
7773
8819
1241
286
6408
9607
654
6637
5201
4213
2867
1210
3651
1825
4721
3868
6185
8762
2266
4022
3612
7844
8636
9286
7328
186
3245
2402
3230
4280
3061
3711
7080
1930
5963
4429
6198
4918
8367
2638
3346
2871
5733
5534
5166
9062
5433
5525
4042
2585
6195
27
1305
6095
8479
1568
9842
2712
6167
6584
9667
2715
711
2112
7307
3218
7912
478
9129
6202
6576
3444
2382
6529
1434
9060
3404
1871
4002
5222
6060
6611
2069
6091
969
9055
4918
64
1016
3610
8796
8706
9595
8373
6313
6166
7370
3880
777
5162
2233
6211
7486
8810
7149
19
365
1760
3913
7335
7732
1759
8878
5302
4020
6665
151
8424
747
8929
1512
1603
7939
9665
4089
867
9640
1608
5442
2645
4409
5844
3055
9392
9990
1815
420
8999
7988
5959
8015
8557
1542
6530
7367
984
1241
9407
237
1835
9001
2673
6084
3860
9205
8611
9158
1488
5080
3934
465
2481
6564
7729
2026
477
4898
1197
7436
9150
4331
1326
4845
4337
9000
3614
1009
9685
486
1732
898
7781
4425
9074
1169
2548
333
7816
2193
5185
1289
1666
8676
1912
2516
9785
80
1349
8492
7199
8461
1331
1207
8293
1461
9779
7534
1917
4222
5668
4290
486
8894
728
8692
1667
7317
3268
9458
5808
3158
8732
226
6035
7133
1018
815
8021
2240
3606
8737
3606
9591
458
4850
8138
4209
4477
7334
874
4879
5567
6006
5009
4516
9755
1078
3114
2943
2034
4552
9005
9831
6513
2139
8509
4000
7979
7983
3939
3124
2564
8686
2595
76
6700
1455
9725
2813
3734
4582
5024
609
5131
2012
4987
7249
4877
5883
6547
1081
6747
2440
876
6893
3349
4034
3198
1664
7181
7253
1286
7630
9963
4530
5789
5062
1243
1510
4125
4516
7267
167
1685
5937
3873
4984
1754
9043
5926
6369
4052
7699
7308
6135
5422
3349
9024
6269
7241
9573
6564
5384
3538
1436
1396
2126
5893
6894
5273
6735
9335
6458
7611
8950
1200
7882
7243
1300
8676
6358
294
1220
4868
1435
8602
5055
1132
4618
458
2194
2221
6394
6371
3106
9131
6005
2938
6386
4953
3827
299
476
896
9737
5864
5913
9095
6820
5151
4992
1924
7075
5630
9362
5258
3503
3770
2683
3564
9907
3612
7113
1147
506
6043
1198
7604
9799
5377
4131
741
3304
7863
4471
6358
1943
9329
9970
4033
5276
2556
8912
8674
6144
9310
5279
3052
8235
4595
2771
6580
9292
7971
2012
4899
4965
6090
157
7595
280
9447
7339
1502
4551
3934
4164
1100
8357
1367
1304
7399
7297
926
5915
4646
7578
4872
7644
6126
9389
421
1110
9249
7033
6933
54
4149
2179
1924
7362
1789
3075
7477
7015
3144
4974
7472
3983
7266
4863
3792
3562
7069
1161
5576
2896
3305
4349
2887
9795
3937
1678
5352
429
1047
9611
6005
9524
6676
6078
6526
2219
7582
9952
2967
52
7844
8115
469
9407
1499
9924
6352
178
1401
7807
4496
2766
3329
5251
1179
5203
2444
4925
4793
7119
5508
5179
1334
3291
4709
1784
3112
177
1747
4889
54
6871
6444
7315
1034
8119
4128
4745
4
1741
1694
2889
5391
5509
6
4646
850
7287
4818
9137
3630
8279
4674
2755
7967
2385
8403
296
4366
9894
5558
9993
7026
6370
2727
3545
1242
5962
132
3642
2392
3118
7609
4682
5627
8907
4579
2613
9922
8026
7702
6023
6307
4223
4701
5172
8219
1770
2067
656
990
2964
9911
6442
1823
3366
8917
7914
6831
1995
7108
6943
2821
780
3525
6261
3755
7473
689
4762
6693
8428
1928
6811
144
3495
1599
9626
3506
2005
2486
2065
9922
7155
4925
3631
9156
5233
4939
9206
9302
2057
9623
9622
3955
2588
9156
154
7357
9260
3068
1312
6647
6080
3386
1794
4241
9934
4165
2216
670
9870
1558
2972
4275
5640
4399
4847
632
8859
7648
61
8300
8841
7925
8902
8467
7495
7294
8397
4210
323
2684
844
5412
2267
2945
5990
8648
5552
4492
3433
4445
5196
5198
8420
4071
3740
4374
8435
9171
2497
9575
6880
290
442
3133
5784
3957
4550
2046
6018
1176
9768
6981
3809
9726
8258
9401
8739
7703
6941
7565
5921
8645
5023
2410
1800
6288
4814
5690
777
9308
8006
4025
9042
795
9238
9700
8452
3499
3301
7773
1828
5162
3457
7268
4354
8776
6141
4396
9225
8055
6499
6031
9541
8182
1694
8972
4577
2642
8575
4122
1345
6791
3058
5991
225
6966
6592
6639
7598
6054
6901
5349
6925
2758
6096
3227
9439
7574
7964
4812
1890
1606
8983
4711
6409
1877
5659
6802
2893
9853
4105
4804
2563
2993
1981
1799
5397
9664
8800
3712
9390
6289
1812
180
398
4517
2527
2876
3052
8452
7145
9096
5437
7078
2300
1104
3954
7947
9826
4819
437
3989
5163
749
4373
2920
7110
3337
1773
5857
8021
4164
463
7741
4508
2473
9894
8231
7332
4232
8263
6548
4829
7028
2072
9433
3711
7670
7823
579
2410
4293
143
5412
8927
9096
5335
5777
1602
7356
5352
4276
2976
5442
6499
3469
1584
1784
8894
6648
6375
2650
1366
6957
4151
643
6360
5912
503
9092
6742
9810
836
8669
8448
3096
189
6390
4824
283
1927
4367
3569
8306
1285
9311
5017
6826
3922
9537
4090
2704
4847
9858
1946
5493
6467
2005
296
66
5696
2666
4368
8108
1422
6726
1271
9603
3454
3063
2196
14
8722
5095
4065
2814
9357
1167
3856
4792
1802
3386
6242
1251
2717
8291
5641
6825
5270
1768
4782
5354
105
2144
4749
8632
9424
9828
4360
1224
5750
954
7150
7743
9693
2431
179
7091
4891
8147
6075
1530
122
1050
2392
3522
44
5044
6168
2220
7378
4918
2040
9875
3437
8007
5797
1708
4525
5
2561
2894
1708
3546
8355
5871
8688
5998
3141
3543
7178
3378
5763
4031
8657
3730
6372
7806
9856
9906
3003
1041
154
4806
4721
5601
5557
2416
6716
8430
442
487
7645
5855
2295
8990
996
102
6221
1617
3163
5571
9978
8599
1288
9873
972
6607
4018
4621
722
2910
2041
1933
1882
6632
8259
2827
4258
6701
9978
963
3255
4015
9257
8763
5765
8929
3601
5236
9570
7959
7039
9423
3828
4156
2486
1605
9788
8718
2721
8224
3707
5852
7468
5523
4496
8237
445
5125
3939
2566
5454
8132
867
6225
793
8756
2476
6487
7525
1752
3459
9964
1301
726
9035
4340
1376
6865
9484
4289
3261
925
9319
5144
104
9039
6164
6944
645
3887
1553
7754
129
9724
6120
690
356
4223
9000
5396
9277
5961
9867
2791
4322
5368
1006
9266
5237
1841
3335
3234
3488
3821
2672
1848
3837
5164
8401
8773
5155
39
7539
7214
9114
2040
3613
8873
4176
7271
9283
7117
7845
4896
1536
4374
7532
5107
5789
866
9053
976
5090
8638
5337
3660
4267
5152
8580
6997
9780
6711
2184
2520
752
5252
7296
703
3471
7796
8679
8637
1571
1370
7223
1061
9879
9465
8311
5107
1796
31
427
5066
6814
500
8248
1669
9227
7292
8215
7299
6988
7330
3994
7116
5891
2368
3377
9447
7657
1435
185
561
8209
266
8746
3159
7184
3328
1754
5634
8857
2567
9730
856
4240
842
636
3647
5743
3949
4577
2901
5742
1936
5514
3839
8494
2418
2497
3312
5690
8332
493
299
3388
4751
4942
4323
5125
5057
6525
4038
3347
7805
2071
651
9705
3627
575
3889
6493
6090
7515
216
367
7226
2257
4498
7790
9420
1567
2177
4857
285
5852
2368
564
3187
6146
6310
6748
6349
3080
9820
2148
1861
421
9308
4655
5647
3882
9601
4608
4084
4429
5432
1090
8837
8545
6962
7749
4091
3676
1708
8629
674
4583
8609
7638
9925
6772
8721
2740
304
4866
1756
2540
3876
1214
5140
5678
5710
2292
1329
1435
5974
3080
8173
6563
9920
8693
4600
3904
8146
2173
8069
3789
7138
6237
2855
7681
6523
1769
2561
297
9430
8563
6901
1409
2737
6361
9560
1724
9945
9315
9549
8175
8914
7953
903
7035
362
2952
5463
4142
8780
9551
4651
6527
8754
7262
869
8116
9652
9059
7517
9823
8658
4576
3836
3916
9279
8229
7236
5099
8828
9420
9148
7889
2968
6404
6130
8243
6055
6653
4946
6678
4463
6028
4356
7451
7059
8958
8422
2333
15
2419
8785
1274
8328
69
4567
4452
8170
9255
2653
6463
1505
7486
736
7072
714
3860
9044
4360
166
3449
2475
3107
1641
717
842
1927
9985
3054
5347
1061
3592
8385
2981
6239
2585
758
9221
9337
832
6724
7490
2134
8805
5608
8387
1979
5468
1384
7971
2766
9196
8592
9416
7864
1293
7225
299
6957
5443
4954
2651
3667
9975
4990
9930
5335
4541
7912
4531
5918
6638
9764
2529
1015
9727
6736
7524
156
9269
6460
5001
14
7707
7516
7382
7664
8509
3926
4166
1358
6207
6221
5887
1839
3018
6534
373
2723
9451
6581
115
663
6425
9890
9187
946
3652
3990
7631
7602
480
4174
2511
4703
1401
7161
2399
8817
3548
3886
753
1116
4046
7097
8218
2833
6770
3087
2494
8764
5403
8497
7993
5643
8703
3556
9576
4600
2348
1503
7494
5286
3764
4247
9126
454
8999
167
9238
3993
752
3476
5422
8473
1154
6384
8626
1077
1355
3727
158
3498
2844
5664
6626
3117
7814
8995
2338
5193
9268
8810
6985
1768
2057
3760
6747
4374
1554
7769
6713
9337
3951
1046
5565
5497
7541
5909
4976
7917
4035
1882
1996
3296
1713
9027
7120
779
4815
464
3099
7057
8962
274
1944
726
5294
8241
9426
8737
2433
7930
2834
8960
5880
4522
3488
8238
7878
768
5959
5969
4502
2804
3373
8403
8777
2967
7746
5767
3729
5015
8683
3901
3737
7490
5851
4397
1388
2313
1483
2814
7851
2654
2859
1716
5362
8685
1104
5865
2432
4993
6673
2241
932
2341
8387
2546
394
7004
476
711
5646
4964
1261
5797
2191
7027
5724
9217
2586
6639
5544
1897
1662
6146
1574
3541
6649
7628
4087
7402
1059
1093
3827
1725
7504
9679
1439
8180
6797
4733
5379
2839
487
5658
276
838
8563
5768
3396
734
8897
72
3395
4515
8519
2862
3709
5764
6415
2733
8197
3567
7018
6094
4227
544
1617
7959
9491
6556
4118
2693
7544
7464
6494
9021
9514
7116
8392
4907
3667
9572
4882
5588
3234
3548
5561
8040
162
900
5901
6710
47
3253
482
1127
3333
5845
5382
2239
5170
450
6271
7060
9317
9341
1209
4318
4800
4942
4502
9670
1283
6255
6143
2336
6758
1419
1045
5820
3038
3416
3727
7396
8689
1899
9109
2360
9126
183
2495
728
8634
9687
5658
4479
6156
9224
3168
4408
9151
4028
3876
5379
7192
2448
4701
1681
9852
4618
5080
8402
5136
4694
5926
5098
4167
9242
9684
4409
1672
812
6616
5693
3542
2504
99
7108
4257
4754
6229
9313
1515
632
4665
4513
9554
2472
954
7255
490
257
3864
2760
5014
1247
3376
8051
1494
3044
413
6665
2271
7979
6202
3815
660
5193
7674
3272
7125
7861
5746
5259
3845
1536
4218
3967
9544
6939
4457
4795
5865
5465
8102
1564
3450
9864
8973
8159
9805
8785
6469
7641
7852
5291
2471
7007
8612
2373
5659
7672
520
8859
8386
7592
5279
5305
4363
1705
5211
5517
3626
2080
6739
9816
3657
7316
7772
5733
1840
5021
1580
9977
9856
5169
6408
2621
4740
7879
5447
658
3728
8529
7470
7566
5083
1671
549
1419
2343
4444
4735
816
6500
7748
8126
6786
1879
8949
8022
1697
9674
1557
4740
3746
6301
723
5909
4584
2902
921
6122
6904
8930
1620
8550
5891
1338
6541
4249
2946
2163
6336
12
1582
1725
8724
1231
9309
5182
707
3965
7851
9062
8452
3176
4199
2465
8028
1491
9476
8806
2861
6993
8716
2603
5825
3333
6308
131
2039
4926
9849
4886
391
4549
17
5469
9908
89
8212
7295
4272
4081
9252
4337
6501
6057
7538
6876
8995
2059
1901
5492
1566
1181
1646
1984
5020
9723
242
62
8584
3144
4883
6135
3394
8931
3566
9178
6629
8518
2306
6797
881
8148
8668
1027
8320
8627
4977
1052
7698
6052
1889
1907
8050
4209
8658
4833
4921
7644
4999
3666
3941
1154
6914
1802
8757
598
306
8563
1095
2073
1529
8895
6583
5900
9963
7887
5292
5984
8414
6448
4977
8123
574
4184
6100
867
9674
5794
8877
472
5641
9507
2180
9884
3780
2949
2669
947
8942
1969
4529
8730
6563
6785
6372
7295
283
8590
8458
9069
603
9407
2161
7914
135
5240
3162
9876
7215
1107
3807
8711
1868
7959
1894
114
9706
5093
9209
5012
4804
950
1432
7852
6602
2281
8644
8881
5658
4469
870
7434
4824
4355
6569
2650
6534
5787
29
5218
8972
2161
1089
4968
5366
9864
4664
1475
8962
5232
501
2263
3687
1314
4605
367
3471
8486
5500
1820
7812
5915
8489
2254
3885
4743
1931
4502
7542
1768
2145
1433
3307
5325
8690
6635
6030
9878
8899
4426
2129
6484
8170
9920
1483
6199
7185
5334
3624
8184
789
9131
1567
5044
929
1752
8989
1091
6740
3630
7717
6877
3
3692
9033
1207
8575
1299
6569
6554
963
780
7765
592
4231
5440
2376
1071
6786
2423
4608
6960
6214
7344
9469
8247
7294
2743
6526
4877
4975
2689
3702
457
8352
3441
8584
9251
5141
1573
6090
6515
9342
3710
8756
6788
2177
7277
9051
4470
6951
4726
9259
5625
494
8198
3649
460
1950
2266
8320
2421
2529
3557
8864
9447
8943
9103
9876
2744
4180
1358
3747
8677
4220
5955
7905
583
9632
6145
1698
6256
8545
699
9197
3149
4100
6498
6927
9107
8446
1188
8580
5428
9581
6335
6626
8448
3658
9398
8302
5558
1040
5952
5938
7426
502
9061
6396
2922
4119
2640
1953
2371
6187
8054
1925
5978
2538
3710
6430
6687
6505
58
2414
9014
7149
6010
8325
786
1079
2712
9463
7891
1813
9051
3213
3806
9457
7757
4070
9663
4058
4168
3810
8887
804
3604
125
9489
4548
7048
334
6553
742
7606
6863
629
4403
7288
7288
4026
1815
515
4695
3994
4195
2620
148
8620
5290
8039
1148
6994
692
8012
3587
1846
1347
7254
8906
575
7217
7927
4366
1401
2928
1086
6169
5852
6050
6535
4246
615
6343
9865
976
8760
6607
5580
3362
7775
9997
9735
7534
1963
6301
7701
8295
7571
2839
7889
8292
9456
3200
6071
3445
5586
503
4455
8711
4142
5515
3720
6628
4456
2812
2360
5788
3993
6247
1680
2065
2878
5985
8099
6110
6710
5040
3492
4582
9177
6350
7039
4156
1416
5682
9146
7429
5578
2570
1898
9750
2961
8628
8620
1890
7619
9436
5027
6589
2531
3766
8473
6469
8243
9027
8905
898
2856
9827
8229
5483
5033
4412
2369
815
247
6738
7825
5033
7592
5845
1553
8950
14
8762
7442
3459
6310
8582
7804
7314
147
6032
6735
7906
1631
9420
1968
4913
8267
8028
9030
3827
8353
4246
5585
1212
2969
3478
3321
5469
754
7767
3914
634
5897
1765
5233
3047
7381
7776
4436
9760
4699
1214
1214
5272
9116
8711
1246
8961
3175
8587
7412
7327
7477
7740
134
5120
508
3903
1465
1277
5459
3951
8535
366
8990
3808
2518
9168
4818
7794
503
294
1224
5554
8609
4156
2294
5501
8451
4153
9569
4350
2775
6992
3821
4784
786
8584
9147
9830
2508
5564
8466
4037
1950
687
4181
8921
5984
7441
5052
6236
5983
5477
6331
1213
9786
7703
8492
6281
3245
2490
9357
3368
6662
9428
2420
6625
4899
1036
5283
1548
5953
7891
9683
2762
7809
9033
131
3799
882
1814
6069
4763
8067
9716
6308
1786
6375
2580
4686
7178
2074
7311
581
3842
9215
9723
4508
8555
434
6011
4411
8274
2316
3070
6943
1881
2174
3863
1289
4142
2392
1994
2847
7266
2376
2870
2476
3459
6190
7508
4035
1769
6459
8726
974
4328
6350
4167
3629
3324
8645
582
9202
6988
4471
8799
9923
8518
368
3221
8810
5950
3275
6327
494
1096
5795
2223
2038
5462
4749
800
6492
8732
6811
2088
9032
3804
9623
5437
1175
6845
9323
6280
3630
6180
1936
2122
8583
270
6508
4924
522
3873
5000
9199
9784
8021
907
6627
9161
9682
3845
5321
6639
4241
6241
1670
4589
528
585
5882
2799
6301
861
3037
1842
5598
5971
290
8463
8813
5892
2268
7107
2973
3305
1708
87
9210
7178
8248
5988
8820
2844
9561
1369
4887
8960
9270
8509
966
3673
3558
7844
8051
60
190
3
3199
1816
4940
4128
9692
7105
5183
1211
9597
2831
5839
1661
3100
4773
3073
4336
306
599
4184
8764
7794
5637
5402
3695
7785
2511
5490
6975
5832
9790
377
6730
1593
6014
6722
5862
7633
9622
3672
9458
2806
5586
6526
5592
802
2939
4087
3235
5901
9274
5814
6320
7776
2466
9044
6541
6348
7506
8806
3649
8005
8700
4757
1102
2547
547
6114
7354
8570
6710
6495
3594
960
9154
5609
5366
5053
5896
1944
7288
2866
4818
3243
7028
7118
3219
5044
9129
7738
392
2651
6215
3199
1387
7858
4876
2494
5186
8960
4711
6600
5321
9672
2705
7402
6094
6630
7688
8845
9890
6484
3735
9285
8684
1325
7064
4484
7232
2364
8124
2884
1064
9765
284
8648
5989
8226
100
1126
3224
3106
2558
4032
8692
9529
7316
7572
3045
8712
5540
2664
7233
3837
7921
2145
7784
7179
3728
6456
6013
448
4961
4227
5991
2431
1166
355
8116
7123
3464
9106
4924
1861
596
4931
7940
3669
1614
6083
9792
7217
7815
6586
1889
242
8833
7529
506
7036
9695
8635
9727
3825
256
8638
4431
3054
9745
5616
8070
6598
5588
3359
5976
7357
5343
1786
1656
739
1427
8420
5778
4863
281
3347
8468
7554
1524
8870
4285
7123
1163
7101
6064
8713
3043
4999
9271
7441
6898
8136
5039
2117
2894
9451
4667
8945
7410
4081
3466
5788
2547
4570
7980
572
9552
1424
4331
2710
747
7493
3943
9708
6457
3274
4819
8291
2215
9709
9509
8589
4138
9171
7004
5174
219
8367
3190
47
8381
2743
373
164
7605
6805
4594
9495
7768
4650
4919
7703
5188
364
2512
236
9440
9709
3744
9994
6140
2634
3412
9132
2855
2154
6647
4766
479
5043
348
717
9038
5480
4108
7852
2020
2940
2540
5159
1411
8639
3630
9636
7093
4737
3814
5927
1692
6786
1067
3169
6096
4532
6509
7244
4260
2326
8125
185
5287
2851
9011
9099
7769
8754
8316
3604
4023
1993
4571
5037
939
1281
5737
5131
5446
8260
1502
6182
6512
6194
4998
336
6985
7890
5402
2579
6174
629
3574
8526
5024
4516
5702
9551
4824
2641
4954
90
4430
8897
1044
7950
540
7255
5097
8904
4527
490
8048
323
7715
5289
679
4105
3524
2187
4800
4131
8418
4208
1643
5570
8932
2525
4808
116
478
2367
1424
3797
6756
7944
4644
3271
5599
5000
9537
6296
9422
528
8489
77
4608
2594
4038
1626
7478
1836
6770
9708
6436
7477
6407
7740
5927
7951
736
3618
3078
8781
8429
2076
2936
5671
7068
8242
3937
2683
4959
7620
6090
988
223
762
8525
171
134
587
4852
4833
3655
3041
3300
2323
9560
581
1642
3580
3927
68
1652
9998
8536
4600
3245
4635
4847
9960
8332
6964
5215
5654
6374
1164
3659
7125
5672
1036
1628
715
2536
6621
4521
7102
804
7782
4850
2481
5524
3567
6225
4842
9025
8698
1454
1295
6810
8145
9203
4037
8244
2559
3227
847
3793
6999
2728
6212
535
5631
3685
2467
7068
6683
9806
1387
4295
7585
6798
5696
6148
1456
5269
3016
9758
1909
4403
6963
8520
6446
7892
3821
629
1940
4821
9128
5944
5505
3427
5239
7714
8182
3034
9219
399
9996
8564
6221
6673
6149
6093
8419
5351
1647
491
5389
5973
3583
3085
7324
4281
1836
6765
3839
6841
2656
9964
7638
2961
7270
6516
3169
3634
7685
3820
276
4342
2253
7982
6441
1695
953
6665
1661
4552
8729
7829
2004
8760
7423
9491
8303
3047
260
2500
3494
9143
495
5188
2780
5775
234
9890
4495
3438
6280
5741
1948
9775
9427
4364
1031
7088
3973
3881
408
7277
8801
8834
6242
7135
4789
4529
8775
4775
3702
1486
7897
3678
9917
85
3604
3964
3016
9433
913
1498
2010
9167
436
4611
9226
6594
6961
2739
4674
8715
3841
1464
9202
5836
2674
5538
3768
3784
4662
8734
445
9367
3586
659
2148
1948
4654
7963
6273
3369
8076
8840
5765
3042
6892
2566
3078
1978
6778
5493
475
4954
9178
5623
2553
6876
3624
2128
4112
3073
776
662
7490
512
512
5257
4490
491
9628
7790
7845
3023
6649
6505
6254
1849
7194
9114
7922
822
1608
9455
1967
8731
515
5753
2275
149
6956
8956
4514
1012
9918
1905
9647
1419
7681
2989
2999
9246
3075
9720
5278
1070
5156
2115
488
559
139
2538
8542
9906
738
546
86
4607
4959
9416
4783
6846
1702
1986
3596
8591
6832
4603
6358
9317
155
7105
2377
3878
213
4002
722
8025
2633
7031
478
6955
7783
5427
4886
163
9348
7748
2321
9401
3789
9835
1709
5986
343
4524
5607
8343
4615
8311
9718
2317
3279
4415
6616
7111
5706
7330
6703
8059
5267
9295
6546
8
9869
2456
3879
8120
5701
1432
9463
5008
5578
8519
8050
7344
1882
4604
4604
9719
4942
5679
4128
8331
4407
973
5013
4861
4401
2666
865
1045
7636
5443
6745
9220
724
2508
315
1926
4229
5286
56
2354
4288
3482
4013
4888
4913
1663
6154
6289
6145
4826
1949
569
7930
429
3141
7804
8839
8466
8150
1782
1314
8371
4087
6935
4592
5207
7252
9408
1119
8125
5881
1704
2562
3402
7385
5216
424
4811
1947
7111
9313
1833
959
1153
6362
740
236
6053
593
4432
1922
9669
7880
5784
383
3014
6841
750
1049
995
9333
2540
3722
9671
4280
7821
8525
7108
3713
4808
4669
2115
3095
7941
6936
773
3134
2423
8467
7606
1075
7030
1875
1833
6080
3483
3520
5217
676
4497
8192
993
3089
6063
955
8596
9161
9974
5749
916
468
1085
712
2467
5291
2528
380
4834
8756
1394
1518
9186
9208
8944
7854
4351
3880
1974
7097
6068
3458
1576
1503
3295
6554
8628
4860
929
7717
5874
9338
1561
485
4002
2971
205
4911
5071
3000
117
6981
8874
2880
1302
632
6307
8168
1562
86
6113
1247
3242
8429
9147
5338
5872
2543
9372
8874
4453
8245
1664
549
2850
9001
6847
7888
7336
3599
1442
3880
1068
8650
6152
6565
7541
2066
2538
3504
2669
9459
3461
7055
1428
2919
5785
6725
784
178
6078
4853
6178
2809
7572
1722
2716
5102
7142
8687
1205
7187
9648
8324
1190
5220
5158
8033
7166
8587
2533
3995
2322
9753
612
3951
6450
6332
2978
9840
1927
8669
8116
369
4749
3571
4998
6506
6213
6829
6165
569
3060
1813
3814
7906
9147
9820
9838
2427
9272
7354
4954
6810
6836
6426
729
2835
4817
8242
182
6618
3162
7930
1527
4841
8519
477
4468
5562
5630
3623
133
696
9107
8163
8776
8249
700
5953
9417
6119
6667
3382
4898
1410
9753
5419
6207
8592
2476
468
4338
9847
295
2656
7209
1956
5475
3128
3485
3787
890
111
7287
1599
2335
2655
113
2835
8612
2665
4502
2819
3070
6205
8223
2373
2254
984
9218
7124
7333
775
2350
8163
8032
6131
2437
5775
458
3241
7434
6056
4616
8931
2460
8171
2025
7896
119
9411
4903
1830
5376
7753
7791
676
8982
602
7601
1460
5592
7310
1968
5920
8725
3961
4752
4160
6996
4307
8679
4246
7269
7717
68
9590
8930
2562
8961
1987
7907
2102
6143
9625
300
5311
9348
453
2773
2903
2501
4009
2223
5065
9209
5488
2319
6189
5498
305
6206
3747
9061
7198
7156
3592
5703
3019
9830
2768
8349
6994
9986
1159
3881
808
543
5425
9718
4173
2421
6975
7822
6451
6282
928
1086
475
5921
8505
5852
9906
9207
6328
2981
2270
2418
5334
1665
1609
7147
2180
1521
2483
8367
8837
9033
9622
7984
6067
9747
8648
999
3645
1735
6750
3110
1527
6389
12
1387
1436
4691
8240
6942
8205
6039
5333
5243
8501
3204
2367
1560
8173
1610
1568
7416
8598
2434
9328
2646
4019
1438
5863
8089
7959
8949
5224
626
4269
8754
3898
9091
575
9525
3263
9896
8497
9084
1914
3124
6062
8412
2881
6667
3642
5842
6255
7272
2912
6514
3766
774
3382
1025
4143
6208
2668
5861
9739
6460
4439
425
9855
3620
156
1982
1602
5149
1256
4553
5418
2846
8651
1320
2668
4480
5589
7734
4271
381
1378
3920
1645
3788
3712
4222
8012
2993
137
1409
7631
6503
34
6819
6037
7103
3650
8709
1681
4691
3817
8459
7132
5181
9840
1342
1722
4090
1
1881
9149
7102
178
8470
1618
8858
3990
2876
6950
7832
2355
3093
1721
856
507
7204
2263
5640
1002
7002
4126
5340
7597
550
2738
8433
130
7577
9955
5453
3781
5036
1408
3314
9955
8806
3145
9213
9786
9310
64
2353
3974
9478
5262
6382
5459
3141
6270
6907
841
4499
366
1967
7611
7422
5511
9132
9274
4606
5382
2809
476
54
8
7836
6285
1055
7805
2805
7979
5345
2970
6620
8505
9094
270
4099
6005
4295
6480
316
9274
7512
6534
1069
2068
5132
6936
5979
1907
2065
4183
4207
7067
1948
737
7677
540
4704
717
4568
5888
6833
3447
4805
1781
9409
4302
4760
2066
3601
1114
6402
5861
5107
9638
7145
9890
8168
4363
8338
3241
9702
6309
1630
6027
1049
5962
9599
7912
9564
269
1200
6070
9683
4351
6557
5827
3980
3401
8429
3633
115
1878
27
6978
4226
8897
3041
8512
3618
1210
9457
5163
30
5971
736
7186
2282
5040
6329
3783
6937
4060
8451
3973
4982
5927
9516
3381
6932
2302
4405
593
1128
7883
5173
6096
8999
7258
6500
2635
3282
4189
6940
4614
5080
4253
9412
8147
5563
1110
5019
4725
626
8242
1085
9879
7139
9654
1849
734
7451
4159
4733
8667
7800
5189
8475
4351
1378
3988
7194
3499
1164
5106
8090
4014
6733
4879
4759
3787
3967
7995
8351
5722
4497
8879
2905
4839
5365
1272
9907
9316
1516
5615
9197
3000
1875
9649
2919
4544
4198
8096
2775
1083
2725
6339
1156
4678
6929
2246
6273
9884
4586
3516
7667
738
2898
8748
2082
1705
3591
3903
2554
1320
7343
456
1722
7419
6621
4331
7774
9689
6286
4964
3441
5270
5381
6990
2481
7918
3472
6903
6591
7124
8377
3562
6648
3609
7592
2733
1548
7669
2161
905
4065
2747
8662
9988
2332
6082
4345
7191
5717
8914
5209
7856
7039
2471
5056
454
8980
7052
6681
869
3328
2083
3705
4235
8095
2966
1680
9975
1383
6031
2733
5738
8429
3016
2407
9547
9279
8570
4211
6476
451
5682
4281
7040
3636
7482
1703
5383
8395
8784
742
1935
8991
3777
9605
9767
4422
5871
4985
2824
6796
1142
8054
6173
2134
6632
2514
3768
110
3175
8440
5956
739
9570
7422
3331
4316
7401
2746
3619
2988
7276
9103
6321
4824
7921
1254
2978
9260
8718
404
4616
8310
1267
7871
6531
2525
8519
7081
5366
6398
3898
4865
9549
2268
3795
2528
2454
1134
8215
3242
7723
7867
4627
6080
2678
1034
1005
3508
172
2118
8804
4120
6914
1239
406
9840
1773
1925
2534
7360
1802
9116
7437
152
4426
5316
6409
8246
7271
3320
7102
9093
9044
1568
4028
8636
1047
9732
1773
6282
8998
1134
1323
8402
9231
9606
588
9627
4970
8405
2361
4872
7614
4799
9653
1732
2611
554
2910
3828
6189
8991
1912
3237
5706
9775
1677
6948
4681
5028
5005
2456
9580
2987
4714
8995
2448
5699
1349
6586
3237
6550
1811
818
7264
1011
9122
4726
4508
9147
1407
206
8558
5117
2877
9132
5469
1959
5255
3392
2424
880
3944
923
4452
9007
3131
1385
7076
5125
3769
4348
3362
242
5463
6950
2741
5765
2986
9392
1972
8163
3261
9687
3305
8751
6758
9320
6946
237
4744
1814
8443
6284
3504
5009
8866
5502
1024
9569
2367
5116
1049
7135
3569
5229
2791
3409
6536
6682
5279
8073
8865
891
4610
3389
3718
1419
9023
4242
7778
8600
4646
7120
8995
9704
9675
4460
5939
3721
1537
1362
2643
2605
1649
4569
2269
708
2556
5630
9034
9047
1106
333
5362
323
701
9899
83
8224
6389
3604
4897
1299
494
2507
8813
3423
3920
8738
8332
7651
2830
560
2385
7854
594
836
5110
2706
1452
2503
8493
4999
95
9707
6479
5850
3995
7622
8249
1141
1260
5290
5214
8406
9330
9256
3962
3684
9436
5359
7139
3832
149
2475
6492
7932
6131
4366
9411
9774
5722
8643
1504
5457
807
235
4924
6779
4657
3678
2646
5672
8597
9116
9129
7460
4141
9227
4857
3088
5720
6132
5132
6319
477
8409
1434
7749
2190
9939
5096
2641
4130
6046
5483
7690
2503
9453
6344
4372
2759
8043
7280
7023
8895
3021
8444
5260
7087
5808
1370
120
8134
3476
6502
7802
6809
9039
2470
5499
3913
8932
8275
7421
2344
9135
1649
7641
4130
5671
4418
9542
9417
6270
8017
3776
5419
169
1263
8455
68
2655
1530
4067
7323
4811
5299
7499
2435
6197
6326
8507
5829
1655
8125
7216
456
1469
6309
6567
6084
1498
3029
8253
4151
8304
3643
690
5296
4824
9313
9801
3515
6028
5369
8437
5752
8820
523
6442
5123
3478
4412
7192
7520
6505
9703
5842
5858
1882
8643
2361
7746
432
6271
5542
7212
213
1012
3944
3546
5332
7629
8134
6249
1503
1151
3829
2374
4931
19
686
7198
3923
7351
4081
9078
132
2319
2035
555
9824
7213
4531
3917
5308
1419
222
9651
2985
8830
6130
7876
6789
6775
6558
2861
7899
3919
1975
6413
2781
4865
1793
2494
2697
4727
8073
2892
7293
7815
6414
921
2086
4820
9057
7449
9667
3397
2767
8377
2210
4496
3745
7439
5222
1561
3267
1791
1702
5319
6741
9799
8650
875
5847
3089
9034
6377
1750
9590
6284
4417
2545
7480
9441
6402
1212
8037
8453
2223
3788
8315
3796
282
1667
6267
2974
868
4939
6308
473
7209
5825
4360
8702
5882
1365
2409
7148
3877
3455
1638
9607
7709
4751
71
4297
1613
2724
6829
892
1417
5995
6933
2227
7672
6323
895
2590
2521
8939
8195
8563
8361
468
8390
7878
5824
361
6982
2893
339
9448
9319
7413
4513
502
8183
4585
8167
2900
7790
961
9486
8379
618
8511
6741
2563
8415
3166
1809
6133
6051
2179
1560
6830
3272
1066
682
2121
953
9871
1546
8610
3232
2985
6608
9461
8024
9099
6240
6483
1900
7269
8901
610
1720
4417
2116
5828
7611
848
7519
3654
2067
3422
8385
2037
665
7243
9602
219
6242
4359
6516
8028
2408
1345
3845
4726
385
1347
9316
7690
6565
6221
7748
9267
359
6576
9894
3383
7554
1580
9193
3267
3292
3704
9773
2090
2091
4519
4554
7968
3568
293
2192
4543
628
8953
1703
9982
1910
7738
2634
6736
3620
7889
9098
6704
8422
7846
5231
3764
5320
4186
7627
7096
7939
7305
1886
6334
8808
4890
9385
6426
1571
2501
4779
5543
1154
7057
3427
7616
9713
2101
918
3373
3506
1509
7120
2168
3591
5145
2265
9946
6291
8878
2415
3039
9001
5853
8717
4116
7474
6033
2446
4186
6533
2860
9656
3631
4549
166
4267
6606
5729
4255
6671
8066
8799
1753
2807
2256
1503
914
6836
9550
7971
4124
4718
2418
1341
2972
9373
5977
894
771
5972
2935
3699
7319
4983
4233
3718
5440
5776
3486
4094
3111
7823
394
5130
3162
7576
8412
5337
6847
5980
8037
5500
9016
8670
3320
3279
91
2092
8023
1228
373
7581
2647
1183
533
4350
3961
2341
677
481
1464
5103
5729
3870
7293
6627
6880
9685
6634
5699
204
1616
6126
3209
8342
1165
8034
5543
7586
4131
5194
8496
5687
4075
7916
1492
394
7587
3986
2059
7578
5996
9756
3415
2918
4585
7497
4421
3132
2179
4773
92
156
1437
4829
1904
8708
5970
4563
4553
815
9891
6422
511
2089
1042
9868
9609
1954
3573
6923
1877
5772
1956
5221
6064
7653
3500
4410
6596
9484
1154
761
3093
8024
1741
7490
880
3392
7727
5356
1683
7196
2152
2503
8154
3278
5175
736
685
7509
483
7510
3651
7774
2854
5105
5825
4305
3257
842
2603
6915
9322
131
311
6555
8569
7221
6918
6438
2175
3340
4379
9317
1433
3610
6384
5690
2483
8715
8560
2333
7459
1624
1099
896
778
37
7455
5685
168
5232
793
2343
2305
9178
6321
6098
1122
7390
76
5273
9350
4022
5897
581
2585
1542
9515
2336
1867
2441
914
2410
566
1059
3558
2251
6633
5985
6018
2860
7402
8
3113
8669
6193
2516
8423
3369
6928
1412
8778
9465
2755
2820
974
7998
4920
3492
2572
9170
8564
1153
767
5485
9864
1573
1589
9560
57
7524
9701
7644
7310
3786
2799
5538
6906
9371
7991
1611
5858
1275
2840
8077
1727
663
9201
7606
1287
4883
2494
3313
4543
76
809
9678
4452
4639
551
1996
881
3232
3611
5144
7622
4376
8128
5156
3485
6670
9287
6655
3837
6753
6218
3481
4016
9972
5952
852
3128
74
5304
9381
3356
8241
4049
9497
9041
4601
8653
3842
6843
9730
4169
9725
667
3782
4885
191
1711
3079
6244
8149
3900
6679
2261
3075
4784
9144
5243
5108
3773
6051
8312
2977
398
4708
3997
7367
3835
1354
349
6355
5167
5604
5836
3377
2477
6006
86
2454
4693
2007
5982
4754
5443
6667
8574
207
7323
3785
1239
3131
9179
9762
3695
1095
4752
8932
1092
1978
4640
1481
9217
3280
8198
5604
132
5118
2627
8696
8118
3298
656
2994
7930
1919
7128
4743
3834
6220
4515
3492
2091
3409
1102
2274
9438
364
2765
8561
2238
2231
8787
1572
6839
3832
6745
9227
5151
8546
1076
1772
1489
5331
6673
4095
4674
6445
7516
1815
9366
9251
2628
7553
3509
9465
9401
146
7363
348
6488
1667
3873
874
3416
9130
4513
3154
5921
7044
2976
2853
8429
4991
1424
5337
5612
7441
6714
3288
6329
7916
3700
92
4502
4846
2878
5353
49
1690
7730
3875
1862
796
5267
3747
3236
4711
5358
3299
9916
4405
5711
3892
7239
4818
2068
1245
5218
7704
3780
3625
4552
184
2372
1665
1349
2684
6903
6807
5852
494
8065
5990
5541
8877
6207
100
6843
9048
8930
4518
5524
8178
6068
9109
4338
9479
1120
8916
9617
4818
4392
2493
4378
42
9970
9
6379
2262
4700
4360
6168
4828
8956
2915
7828
1700
6599
1936
1598
7497
6805
106
9583
2329
5474
7190
2372
4245
7307
3609
5784
943
3474
8128
7530
8501
7610
3010
6280
5367
6546
102
5181
7430
1684
7556
3611
8824
9447
4177
8919
1739
1557
4842
4173
9694
5463
9878
8396
9019
1226
3880
6875
4137
3895
9865
4992
9753
2092
1879
410
4242
998
4752
3031
2786
4338
2469
9037
5756
5637
4509
3564
1073
516
3581
1800
8167
1837
9359
5441
8235
5114
6245
6829
2380
6540
4722
1692
1124
3565
5349
9063
5438
199
9949
1965
2274
4817
7849
1564
6135
3647
5858
1016
2981
1384
5336
1899
63
3009
5773
6838
4493
7268
2687
6297
1062
332
3483
1154
7889
9152
1028
4429
257
2099
7966
1159
4588
5743
4092
9800
3050
8928
9059
3803
4606
4650
3551
6406
9680
5513
4036
3181
6557
7954
3208
3711
1433
822
9220
7234
1299
9538
9211
8675
7100
6185
7859
2722
7745
787
1330
9807
3038
7507
5007
7598
8580
8555
3829
7045
5215
5571
8817
6035
3692
8765
8373
3921
9662
5207
9005
8028
5090
7835
2132
2458
4699
4715
6919
1782
1507
1340
7519
5908
814
4118
8758
1435
9333
4534
8840
3263
5562
2311
1230
7474
2771
4633
671
4311
6300
2444
8776
3813
3350
6714
2707
8345
5018
4423
3093
1992
2373
5710
9767
1971
979
362
3678
3058
9625
3176
1774
5958
6490
4974
3974
3541
6475
22
1444
6341
9982
6628
9800
8473
647
1911
8300
3720
5268
8783
8753
9289
8716
3255
2400
6638
3327
6830
6934
171
6947
492
5808
7891
5421
8352
1939
6556
9980
8393
8474
6579
7974
7555
4871
8215
476
688
6049
7246
4184
5944
8531
1551
4291
3008
1585
6063
1039
8326
6673
5191
308
2833
3547
373
1529
1027
229
7905
7665
3502
576
1430
1378
1513
587
6459
9292
6317
5854
4760
9159
5141
5187
5788
8745
5491
4398
6970
5961
8021
9400
8276
5816
6150
1964
6932
2252
5130
7794
6931
8424
5752
2449
1360
8205
8309
7006
4435
9266
8163
5954
3882
9582
4529
590
6678
3998
7107
8383
1273
8737
8769
200
3452
7722
1755
3857
3597
7118
8302
448
2857
1346
2307
6259
7729
3683
9695
4751
4926
4921
3693
2212
8594
7537
7807
1860
7857
2225
6823
6144
7013
3080
6048
6692
4182
792
6282
853
9084
7669
1350
2233
2416
9554
7508
2294
3266
5557
4574
5944
6974
8471
1722
5925
1062
8467
9825
1771
2365
2238
4239
6279
3436
5819
9403
6952
8477
8089
5458
5120
5566
7418
6843
5052
1263
8349
1919
116
5765
9077
6862
1738
9088
1831
5852
9957
2706
7408
5901
9820
8271
3618
7649
6396
9384
2221
4273
645
9579
9925
1824
1511
8029
7719
5504
5258
4145
4451
8663
4713
7361
3314
6365
3045
6166
681
114
4011
2099
8426
586
7865
3577
6125
9317
9975
2102
4634
8939
6108
793
4443
8636
377
8384
7206
1285
4917
8641
7152
9801
3254
5453
3192
1526
2836
455
699
4094
5628
482
4058
9932
4710
9129
249
833
742
2430
8471
7351
7858
5578
7991
1460
2323
2108
6230
909
3278
702
4210
3836
8910
2852
5525
275
5499
6371
8607
4168
9283
3811
9506
1045
8125
1823
4616
7230
7756
3322
3503
4854
5504
6662
3570
3262
8182
4002
8668
7912
7449
5194
8941
4210
2637
2883
2723
2598
1568
5916
4488
5018
5228
2163
1601
9729
2264
2194
3433
6287
9979
4623
6117
9677
8428
8672
4067
8106
8074
5948
7040
2188
6421
5606
2538
4023
3392
856
3590
209
8674
8308
7011
6101
6200
8072
108
4768
1749
6700
8500
7899
1040
6749
4090
4358
2590
2477
5071
319
6619
1774
1940
5016
2067
5749
7545
7975
4610
5971
4304
8936
9552
6475
7778
7388
1991
7415
3028
1932
1711
8584
4882
4504
9644
6067
2989
7102
9056
6227
9297
2965
9744
2356
9711
208
657
1326
2212
3151
9133
4796
5133
4489
1717
7132
2291
8800
3260
8747
8076
6328
8770
7438
689
9783
5627
5493
6344
7329
3218
2657
764
8468
4772
1457
6355
6429
6085
1813
9494
891
7648
7229
9757
8440
5517
7391
9396
7647
296
6974
8806
1651
7025
4384
1359
9028
7257
9798
3678
6862
3144
3706
2061
8350
9939
2559
1017
6303
3663
8722
3382
3078
2504
3268