10
471
185
427
158
150
80
233
229
375
110
316
143
342
495
10
332
226
384
209
115
453
494
267
266
255
101
414
471
255
413
219
226
461
412
244
115
467
262
98
479
118
185
376
189
416
403
47
51
15
93
242
3
308
223
473
86
29
291
445
5
202
68
197
22
19
378
401
283
65
155
248
430
389
428
318
241
35
430
329
44
472
37
313
361
227
327
266
247
178
447
90
160
420
179
391
305
137
302
438
360
233
390
108
191
213
174
137
352
10
371
196
406
214
399
123
14
198
224
252
30
37
304
199
109
67
372
2
426
172
175
325
196
497
222
393
191
460
100
24
147
461
9
436
251
400
303
460
144
17
396
335
153
287
463
23
467
36
317
434
44
490
181
229
151
471
424
355
231
174
462
215
24
356
152
187
368
58
165
182
207
132
188
378
100
476
405
275
87
206
310
439
25
246
131
200
439
30
210
239
394
78
393
313
335
366
498
229
287
191
240
243
261
284
286
279
378
175
16
29
161
421
171
213
396
184
49
99
352
500
169
241
136
199
374
466
71
455
459
133
16
466
265
182
485
493
398
217
69
477
52
85
431
129
65
136
179
101
161
144
263
488
446
62
430
438
56
325
417
242
164
444
170
330
27
70
2
235
156
164
439
76
405
415
308
410
74
498
228
255
414
82
25
158
31
53
65
414
388
367
297
268
339
46
276
74
423
251
245
462
77
488
140
177
42
487
2
290
198
282
469
99
256
359
426
357
293
179
157
97
302
153
150
235
477
476
6
23
344
337
450
155
475
29
496
213
25
255
40
245
51
185
118
412
391
400
457
210
170
392
486
312
389
207
88
480
350
80
155
156
47
133
308
255
97
356
21
267
307
162
426
140
38
249
375
408
391
346
382
311
443
10
207
158
24
74
409
218
277
163
375
137
133
19
261
436
181
415
442
84
68
477
429
87
8
170
342
286
189
266
357
7
430
135
270
399
352
429
13
469
4
391
477
298
484
381
459
217
390
493
379
232
351
15
272
182
1
231
197
395
484
472
31
4
111
256
27
420
265
315
17
56
180
499
352
426
244
427
78
320
402
391
183
94
353
166
308
362
261
354
344
244
63
214
118
385
379
480
217
450
98
66
379
355
366
342
22
363
105
263